time,x,y,z,phi,theta,psi,x_velocity,y_velocity,z_velocity,phi_velocity,theta_velocity,psi_velocity,rotor_speed1,rotor_speed2,rotor_speed3,rotor_speed4
0.06,8.92187106371e-08,3.37314260893e-07,10.0034078517,0.000306398448903,6.28301206657,0.0,1.12188300677e-05,2.88180058054e-05,0.113589755548,0.0137458251939,-0.00939853313283,0.0,441.15591717511694,440.37938471024273,441.0461077067167,442.1796635720345
0.12000000000000001,6.09620530711e-06,1.09074524579e-05,10.0118747372,0.000769957533824,6.2824847846,0.0,0.000241010805146,0.000388836563507,0.168632671465,-0.00840181281051,-0.00759415120446,0.0,421.90526672254333,422.0611138122947,423.80010150490114,421.89243856288283
0.18,4.26050733929e-05,5.35980879355e-05,10.032580822,0.000452841976701,6.28212995543,0.0,0.00103211987221,0.000977739436991,0.521476732763,0.000314972355895,-0.00274865498978,0.0,510.37081071418453,510.7165762799228,511.0068869168753,511.6278669780794
0.23999999999999996,0.000130867758193,0.000123374635207,10.0703751219,0.00055604725881,6.28181239603,0.0,0.00193795379134,0.00135554000924,0.738218150289,0.00439202182633,-0.0109400829302,0.0,473.1091537072027,472.4782260409229,472.661886367812,472.9759066579633
0.3,0.000273995727254,0.000215545164857,10.1149237463,0.000824390682932,6.28093717988,0.0,0.00289962089164,0.00174033232092,0.746730279296,0.00463265258146,-0.0231156256918,0.0,407.448083795113,406.3583203338782,407.90576167594367,407.9271664740367
0.36000000000000004,0.000510106190832,0.000343569089764,10.1670007761,0.00208435245445,6.27980375463,0.0,0.00512399733037,0.00263595325581,0.988992210267,0.0420587888826,-0.0115544265339,0.0,479.59046405678134,480.4677221135792,479.5892918406194,482.423197113152
0.4200000000000001,0.000889330282945,0.000554998915352,10.229545737,0.00465421268418,6.28007447165,0.0,0.00752656927434,0.00467381569686,1.09574241191,0.0443319343507,0.0253166414774,0.0,438.3921597319765,441.44484068599877,440.05883855627764,440.2479692494534
0.48000000000000015,0.00140284116,0.000948103993368,10.299506422,0.00741795388144,6.28156672157,0.0,0.0094274586184,0.0087220015086,1.23613769299,0.0493151982369,0.0239640838511,0.0,450.254701053829,450.1453633325628,451.09226026877485,451.4956560565281
0.5400000000000001,0.00199563526937,0.00164012514643,10.3771127378,0.00981012610558,0.00074305278533,0.0,0.0101233126442,0.0146412232736,1.35060869981,0.00346925019379,0.0595784792221,0.0,441.978586964726,444.9045244315005,444.44364081955996,440.6711185771321
0.6000000000000002,0.002578029989,0.00269387643794,10.4582501725,0.0103973295505,0.00438034512883,0.0,0.00897351030546,0.0205206670281,1.35396746045,0.0201132263208,0.0626291803041,0.0,407.5118479526374,407.78740082801266,405.522165955106,407.0142715413044
0.6600000000000003,0.00300842208783,0.00415150540214,10.5430651831,0.0122369337947,0.00834777275798,0.0,0.00496789758201,0.0282309364802,1.47304934045,0.046116264113,0.0723262171587,0.0,444.2626609322085,445.0601890817009,443.7662330928092,445.89567999808156
0.7200000000000003,0.00313780332496,0.00608030668704,10.632223604,0.0147387489089,0.0126418121383,0.0,-0.00104787187711,0.0363034678374,1.49885725267,0.0309422943566,0.0700055049444,0.0,414.6503029559271,414.45074300129215,415.94987048526593,414.6200340778876
0.7800000000000004,0.00281646518474,0.00854915368862,10.7237582362,0.0167344463352,0.0167203762342,0.0,-0.0100564436314,0.0461737390609,1.55221737839,0.0375369630707,0.063574788538,0.0,424.2688603738437,423.72013172989074,424.0090130649071,424.5756281976123
0.8400000000000004,0.00183914193437,0.0116878219665,10.8206865488,0.0192419753775,0.0205089851939,0.0,-0.0229204919529,0.0586984983872,1.67853708073,0.0491722227055,0.0622670291871,0.0,447.10905334278385,447.00537353930935,447.67426405623166,448.6208408224247
0.9000000000000005,6.39244922126e-06,0.0156366200561,10.9253084717,0.022281370277,0.0243634988702,0.0,-0.0385712969973,0.0732428928067,1.80864727909,0.053470326686,0.067923215652,0.0,448.38277894050265,448.84499061253314,449.5948373045658,449.9445063132274
0.9600000000000005,-0.00286732744184,0.0205402829533,11.0384198632,0.0250663039067,0.0287009603998,0.0,-0.0576763416775,0.0905423245264,1.96146156003,0.0260424693226,0.0798390714613,0.0,456.29654341639105,457.25058721540773,457.5798880719436,455.392466850448
1.0200000000000005,-0.00695420359243,0.0265092464075,11.1596062117,0.0262945117731,0.0331726052512,0.0,-0.0790335774048,0.108566502557,2.07785847973,0.00596848150526,0.0609323160904,0.0,447.15306851216513,445.6144988802386,446.3831158884644,444.74205948177934
1.0800000000000005,-0.0123420978856,0.0335259743377,11.2856890065,0.0267398214333,0.0366442025603,0.0,-0.100896379525,0.125359399821,2.12480027321,0.0101807293829,0.0508751967766,0.0,423.1736857040345,422.30960574191215,425.5199126657627,425.88022629544116
1.1400000000000006,-0.0190439693148,0.0415147058693,11.4129175526,0.0274322957276,0.0392270711143,0.0,-0.122749547124,0.140987442078,2.1161539014,0.0141321036393,0.0188544014002,0.0,407.25935460177465,404.3863522124029,405.5723322519009,405.926951558018
1.2000000000000006,-0.0273377171872,0.0506222479884,11.5457353153,0.0280168357674,0.0409428553161,0.0,-0.153865060156,0.162671465889,2.31071928099,-0.000927218168347,0.0431564842513,0.0,469.6077334083666,471.48910992922504,470.88601748710164,469.7195664607046
1.2600000000000007,-0.0374439500579,0.0609726373893,11.6878031421,0.0277182391308,0.0435811042756,0.0,-0.183272033759,0.182317015739,2.42462521033,-0.0146436292237,0.0455512132655,0.0,447.2759876445809,447.472045170279,446.62754418405416,445.50755296430015
1.3200000000000007,-0.0494698619533,0.0725555433549,11.8389468352,0.02778589855,0.0462889025262,0.0,-0.217887076969,0.203733108192,2.61306815948,0.0216776031265,0.0442741560335,0.0,470.1082601515766,470.0103549700782,468.39040985240564,471.2065710382498
1.3800000000000008,-0.0636543202696,0.0854436227471,12.0017907622,0.0289569185783,0.0490006526187,0.0,-0.255220685007,0.225999959156,2.81456282193,0.0148022171589,0.046977731378,0.0,474.77755262561317,474.98596931052185,474.73495247065455,474.20705369722657
1.4400000000000008,-0.0799407026998,0.0995740383109,12.1726181445,0.0298698797382,0.0519662166846,0.0,-0.287931860043,0.245094888885,2.87949828438,0.0160310046906,0.0539195549253,0.0,433.75280475336353,434.33697074966267,433.41827918617315,433.521445613543
1.5000000000000009,-0.098306816165,0.114900775451,12.3484266829,0.030866052601,0.0551702754618,0.0,-0.324588096344,0.265886841521,2.98049918932,0.0177227229115,0.0523435332037,0.0,444.68703578504187,444.5597916382678,446.5403094281744,446.67820403387185
1.560000000000001,-0.118997857185,0.131528624602,12.5313539413,0.0317436805409,0.0582195937469,0.0,-0.365426575568,0.28846664224,3.11668212144,0.00757865510301,0.0475918264903,0.0,455.96927144601733,455.5910727859477,458.85249666714986,458.04637165536684
1.620000000000001,-0.14216949249,0.149508834996,12.7218488229,0.0324518685749,0.0607993378968,0.0,-0.407229606275,0.310923087468,3.23279561616,0.0191384555453,0.0317026760126,0.0,452.82898607479217,451.5499494137529,450.8785609332996,451.8114201404441
1.680000000000001,-0.167992249229,0.168902620048,12.9208027504,0.033824385382,0.0624093792459,0.0,-0.453700391828,0.335660418549,3.39849329695,0.0294603602679,0.0146848728914,0.0,468.46353719474496,467.13848796415846,466.9602250123362,467.76475292669573
1.740000000000001,-0.196443113623,0.189708608301,13.1266154247,0.0351552958816,0.0633812162874,0.0,-0.494742110574,0.35802030676,3.4617160019,0.000764184763169,0.0190622746788,0.0,437.1179367137337,437.4825005577153,437.7888559301724,435.39455024813054
1.8000000000000012,-0.22707701142,0.211709795648,13.3315086068,0.0348570819378,0.0646514864987,0.0,-0.526497875215,0.375353342224,3.36832400896,-0.0200495741253,0.0250861537029,0.0,384.08328357263593,384.6542846512337,384.6841857034128,382.70810715993974
1.8600000000000012,-0.260049972666,0.234962590381,13.5371458029,0.0336365869987,0.0662706812237,0.0,-0.572744952458,0.39959749123,3.48587756029,-0.0209320373348,0.0305391104492,0.0,452.84728572469743,453.28587229150986,454.7755302541558,454.7048709489618
1.9200000000000013,-0.295682665545,0.25956744344,13.7475657091,0.0322069813148,0.0680356135221,0.0,-0.615174852499,0.420431603999,3.52797039118,-0.0303554383905,0.0270684079308,0.0,430.707232135211,430.4138751314859,431.48624855021296,430.6898345890101
1.9800000000000013,-0.333788360441,0.285343056382,13.9589490329,0.0305187429986,0.0700472096437,0.0,-0.65517953292,0.438602452079,3.51815362939,-0.024034661136,0.0440403122677,0.0,412.747033305159,414.24278728998036,414.12055288645655,414.6759213760746
2.0400000000000014,-0.374478491773,0.312242135341,14.1717963271,0.0287616851371,0.0727072787815,0.0,-0.701403829081,0.457873370973,3.57654596607,-0.0426777310372,0.0449162612072,0.0,435.74214632470637,435.81653085425575,437.7810907908471,436.22666343813705
2.1000000000000014,-0.418087558751,0.340294195199,14.3894055745,0.0260044129415,0.0753816303226,0.0,-0.75248717225,0.476911249085,3.67674831985,-0.0534778802466,0.043876251574,0.0,450.49487899777614,450.41187843451814,450.0853180236071,449.20908685380465
2.1600000000000015,-0.464837219658,0.369434643363,14.6132785789,0.022731932041,0.0777964875209,0.0,-0.806075345341,0.494088455313,3.78530182815,-0.056757034727,0.0317713969057,0.0,454.2262490239257,453.25519002688844,453.12938956666744,452.86376177176686
2.2200000000000015,-0.514693654882,0.399490992179,14.841648326,0.019238886376,0.0796186385438,0.0,-0.855976247062,0.507460060342,3.82686335304,-0.0613096332202,0.0274065087483,0.0,432.6821323418755,432.3148047841248,433.68715081731165,433.30211137293696
2.2800000000000016,-0.567538167177,0.43027215698,15.0719956261,0.0152064090425,0.0809839809763,0.0,-0.905647904897,0.518225731951,3.85127993937,-0.0828713615124,0.01129098701,0.0,428.57406652163485,427.202079772051,428.5500196727297,426.70940218841315
2.3400000000000016,-0.623544030462,0.461647646305,15.3057408424,0.0105125757028,0.0815788906347,0.0,-0.961263708227,0.527130921357,3.93991349471,-0.0702760597471,0.00701082680717,0.0,448.66932202599384,448.32154017126277,448.0162482165816,449.0343450850764
2.4000000000000017,-0.682936537661,0.493467800828,15.5452441279,0.0061151605879,0.0815275033512,0.0,-1.01849622255,0.533092387606,4.04315667383,-0.0801229648804,-0.0252822743697,0.0,455.6527612213305,453.0636008572058,453.45852726123786,452.6626583410611
2.4600000000000017,-0.745746774109,0.525550887643,15.7908177522,0.00160554167485,0.0799004763485,0.0,-1.07500457082,0.535864636547,4.14228280345,-0.0667340504108,-0.0310648869122,0.0,453.2447463505201,452.7795667364542,452.84156042343665,453.9129874858148
2.520000000000002,-0.811712662334,0.557706939414,16.0397933145,6.2808201264,0.0779069713398,0.0,-1.12369897331,0.535643874252,4.15686049545,-0.0650910635276,-0.0379382196439,0.0,426.48010668555423,425.8920781311644,427.74436239504263,427.88083102438077
2.580000000000002,-0.8808373589,0.589766772741,16.2931279821,6.27693012379,0.0761454180163,0.0,-1.1802270034,0.532600710018,4.28715466797,-0.0643231639213,-0.0161572285054,0.0,462.3638549263616,464.0765012047282,463.8084534535158,463.8658659572472
2.640000000000002,-0.953150366814,0.621575581731,16.5519909526,6.27308440215,0.0759054603119,0.0,-1.23015640772,0.527324865228,4.3413992246,-0.0636438169806,0.0131564277582,0.0,440.4535115357963,442.8714859364845,440.21970561801993,440.27287524573325
2.700000000000002,-1.02826433655,0.653021828449,16.8114989902,6.26966483157,0.076693902025,0.0,-1.27373195101,0.520583986549,4.30897526156,-0.0462244632133,0.0131092124316,0.0,412.2687070291339,412.26443112145336,412.9048528678097,414.43633219932326
2.760000000000002,-1.1062848307,0.683958814336,17.0726405244,6.26669963877,0.0771946179523,0.0,-1.32700789426,0.510367069577,4.39538704582,-0.0567275648407,-0.00347485678725,0.0,452.19871619194544,450.86058712032144,451.52755188583893,450.67782286234296
2.820000000000002,-1.1873854772,0.714248181011,17.3373306144,6.26323141927,0.0767425703185,0.0,-1.37632715721,0.498963850072,4.4274790386,-0.0600467143419,-0.0172294262473,0.0,436.31332014800233,435.16343973932317,434.12255436777366,433.8415240131983
2.880000000000002,-1.27135915564,0.743809111307,17.6029131952,6.25945515622,0.0759267106204,0.0,-1.42273757655,0.486079515763,4.42527718445,-0.0694542773043,-0.0071765250367,0.0,424.4548328462354,425.3168990022145,423.41082799437754,422.59747481650095
2.940000000000002,-1.35829654687,0.772468320823,17.8708252695,6.2548619494,0.0756851238244,0.0,-1.47513956256,0.468807210301,4.50479546681,-0.0971178884836,0.00162804064325,0.0,449.7265125444906,450.43924555366567,451.4066936575776,449.16363312561907
3.000000000000002,-1.44827886651,0.800031802521,18.1421714436,6.2490365127,0.0764952241696,0.0,-1.52432847628,0.449439702143,4.53990860509,-0.0970361561643,0.0303663682696,0.0,435.3006943569542,437.69919591841875,437.1875769381982,437.1861551464076
3.0600000000000023,-1.54114465573,0.826365960939,18.4144243651,6.24291790879,0.0782543579713,0.0,-1.57137193469,0.427850173863,4.53516302866,-0.114344981858,0.0271374368346,0.0,424.0527785545867,423.77558287512636,425.30426948617395,423.8092395030735
3.1200000000000023,-1.63713103436,0.851154923367,18.6897330189,6.23575152311,0.0794175317914,0.0,-1.62831171772,0.39774723515,4.64130359362,-0.132305911878,-0.00440738623851,0.0,460.88159933906144,458.3813180710151,460.17666232031405,458.7399663859857
3.1800000000000024,-1.73659350844,0.873960529348,18.9718773205,6.22771597907,0.0795427162647,0.0,-1.68708374607,0.361623096999,4.76295176183,-0.137375870792,0.0126501370418,0.0,464.1799541906022,465.5167573263662,465.8481315921933,465.4358163984947
3.2400000000000024,-1.83947005191,0.894513939918,19.2597672208,6.21945979789,0.0800125825701,0.0,-1.74219665494,0.3227025444,4.83301701306,-0.138060708942,-0.00416300408253,0.0,452.94394347875334,451.58950794416023,448.9005885211451,448.8276727775987
3.3000000000000025,-1.94565582558,0.912575632036,19.5517430079,6.21117144005,0.0799279583142,0.0,-1.79731760809,0.278569303782,4.89916229041,-0.138296759525,0.00359380415266,0.0,449.95185702731413,450.57950086343584,449.94449762204573,449.90795362399626
3.3600000000000025,-2.05503932076,0.927931885921,19.8462447585,6.20285316538,0.0800917746916,0.0,-1.84883657359,0.232566752501,4.91741217997,-0.139328295199,0.000944603504156,0.0,436.2634481515092,436.0421041563881,435.13133762675017,435.0266809349293
3.4200000000000026,-2.16775708397,0.940137558411,20.1447466023,6.19476737456,0.079929079755,0.0,-1.90840559582,0.173479171528,5.03205489568,-0.126924281913,-0.0112672574174,0.0,466.30962670931586,465.35462276879116,465.8427533470148,466.79588037883366
3.4800000000000026,-2.28402556516,0.948657177131,20.4498163992,6.1872316051,0.0795821017397,0.0,-1.96715237393,0.109778610361,5.13638046413,-0.123066558419,0.00339459186196,0.0,463.31662614918906,464.4681833850477,464.27010351301516,464.55910900045245
3.5400000000000027,-2.40365643892,0.95340017331,20.7590765278,6.17953980675,0.0799377616725,0.0,-2.02058510126,0.0476504845093,5.17202668549,-0.141177384845,0.0105655009522,0.0,444.0023267151413,444.59024975245086,444.4125740797363,442.91004294664543
3.6000000000000028,-2.52636775007,0.954451636959,21.0687263803,6.17091030239,0.0801688427893,0.0,-2.06987004183,-0.0133213267148,5.14962526044,-0.149722084425,-0.015042620115,0.0,426.1811158663718,423.9862731805183,426.7043106065812,425.95375983402977
3.660000000000003,-2.65201939342,0.95173028602,21.3767316309,6.16211174143,0.0787369574808,0.0,-2.11847962639,-0.0781326617208,5.11726111588,-0.141109077748,-0.0544383538171,0.0,424.1732908320719,420.77551237163823,421.95843195197017,422.68002252652195
3.720000000000003,-2.78059043648,0.944934953334,21.6831130028,6.15314736771,0.075425211293,0.0,-2.16699687679,-0.149108979891,5.09546888554,-0.176277597562,-0.0567546949101,0.0,425.5924062068661,425.3918704069023,427.6211742131462,424.59095387998497
3.780000000000003,-2.91230031791,0.933239531129,21.9918088994,6.14267849313,0.0723949111686,0.0,-2.22301617056,-0.24174466294,5.19380654746,-0.171115609502,-0.0402732281904,0.0,462.7876001710461,464.0816735866632,464.5024842881893,464.8793234030041
3.840000000000003,-3.04713065232,0.916146963597,22.3037616101,6.13217109623,0.0703136115579,0.0,-2.27116617674,-0.328912926881,5.20441695083,-0.184652360261,-0.025371288732,0.0,437.0550053759374,438.29489078741744,438.33916189065485,437.182323822808
3.900000000000003,-3.18461330104,0.894091275453,22.6133620026,6.12168524452,0.0689244619915,0.0,-2.31154699803,-0.407123680648,5.11584566086,-0.160054397973,-0.0190485438612,0.0,404.36448192290305,404.9336602741047,403.74135697263284,405.92172237558657
3.960000000000003,-3.32506730584,0.86586776253,22.9256565914,6.11229828742,0.0679048807681,0.0,-2.37010763161,-0.534582413608,5.29291530544,-0.150077223982,-0.0131701388267,0.0,489.002491584129,489.44035309725535,488.1420542431943,488.86529243005714
4.020000000000002,-3.46878131741,0.830390593933,23.2450637705,6.10284940687,0.0672791353699,0.0,-2.42030486322,-0.648798774712,5.35347167693,-0.179456270621,-0.00544437948881,0.0,455.0659219222381,455.6841518543847,457.5119726850478,455.14276453255655
4.080000000000001,-3.61546853657,0.787967513882,23.5675489848,6.09211974883,0.0665514338673,0.0,-2.46924321531,-0.766247640275,5.39555562312,-0.177600903112,-0.0308925901475,0.0,452.4913281748471,450.43773386785386,450.83372564519345,450.9532696725202
4.14,-3.76489306328,0.738839803631,23.8897386606,6.08131354095,0.0647162114579,0.0,-2.51148196684,-0.872224282916,5.34410291238,-0.185638864844,-0.0299829457481,0.0,421.14558647330716,421.2239081490072,422.24049807227914,421.5130052749549
4.199999999999998,-3.91708478367,0.68238405581,24.2126513491,6.0701727504,0.0632854950817,0.0,-2.56142995528,-1.01062743977,5.41896108114,-0.185761796177,-0.0137634999224,0.0,462.43833711478317,463.7143294470096,462.06907745555293,462.02737578148486
4.259999999999997,-4.07211204984,0.617891705301,24.5377720719,6.05895983666,0.0628540098892,0.0,-2.60612458728,-1.14005909309,5.41805412004,-0.189218013105,0.00347625403738,0.0,439.65632357749826,441.0827322947535,439.6516201085386,439.3307446254349
4.319999999999996,-4.22989563073,0.545181514716,24.8638983707,6.04728348166,0.0629486801188,0.0,-2.65335938871,-1.28459363594,5.45224102873,-0.208439443829,-0.00251883192142,0.0,452.6442156086019,452.1613840574133,452.5239034804706,450.9369114527121
4.379999999999995,-4.39054789874,0.46347986607,25.1924262242,6.03494092129,0.0626613914227,0.0,-2.70170972094,-1.43986081783,5.49798941117,-0.200750696478,-0.009764523645,0.0,457.5563771006507,456.9791533792249,456.5073228265035,457.0801766269969
4.439999999999993,-4.55428250737,0.371521962687,25.5264053072,6.02325286237,0.0629026707361,0.0,-2.75608348971,-1.62644119245,5.63341004093,-0.184989068707,0.0227721632242,0.0,483.96995806455595,486.4131158744965,486.39729778394315,487.5428298472898
4.499999999999992,-4.72107511418,0.269036648264,25.8650176636,6.0118508694,0.0640423751933,0.0,-2.80379922235,-1.79065390499,5.65302905716,-0.20272339099,0.0101041687,0.0,453.3235799461005,452.30424193693756,453.4669793982163,452.00502564854247
4.559999999999991,-4.89065508737,0.156915024023,26.2032192112,5.99959443227,0.0647294174633,0.0,-2.84895467686,-1.94771792466,5.61996921002,-0.207564819373,0.014016219648,0.0,436.9048267162333,437.23082119545757,437.00016183618123,436.5545082407174
4.6199999999999894,-5.06306656406,0.0347214054656,26.5408792477,5.98702036431,0.0653784053091,0.0,-2.89817847184,-2.12641759373,5.63464315074,-0.213900798524,0.00349435820067,0.0,454.92530836159466,454.08172765379084,452.8644680114121,452.3119837348566
4.679999999999988,-5.23833661831,-0.0979164667303,26.8776959951,5.97409925935,0.0652296456176,0.0,-2.94420085886,-2.29587188299,5.59215662136,-0.21841820026,-0.0184348909352,0.0,437.63677726525265,435.8072994523049,436.01471517983487,435.59020568875127
4.739999999999987,-5.41635231048,-0.240849447632,27.2116229851,5.9605789673,0.0640207438503,0.0,-2.98960922328,-2.46961663302,5.53835174988,-0.245057691844,-0.0238163238241,0.0,433.4916404771181,433.0391042279157,434.68943496863574,432.39783899332355
4.799999999999986,-5.59703171018,-0.394181166091,27.5415011206,5.94577569122,0.0623084561386,0.0,-3.03297517074,-2.64259834755,5.4572743067,-0.250267251518,-0.040223056498,0.0,425.9090414250801,424.5028470391977,424.9812280958942,424.4702243168053
4.859999999999984,-5.78072844454,-0.560460653615,27.8730410579,5.93029181874,0.0597720306048,0.0,-3.08995581563,-2.90130259957,5.5923357478,-0.282007280694,-0.0467264147124,0.0,496.5335006992263,496.05530987490795,496.4665250455107,494.0707261095528
4.919999999999983,-5.9676523008,-0.741764870326,28.2102791378,5.91336503164,0.056814189967,0.0,-3.14056394624,-3.14353296267,5.64755959038,-0.282325122437,-0.055008988103,0.0,476.2009699762313,475.5654899130574,473.71602714802356,473.616315599046
4.979999999999982,-6.15755946907,-0.937911108147,28.550639824,5.89669857504,0.0536648636349,0.0,-3.18936930288,-3.39599205319,5.69637973754,-0.269965284231,-0.0478742994704,0.0,476.359973364015,476.90376070795526,474.35959439749126,475.23513625495
5.0399999999999805,-6.35022215817,-1.14864954316,28.8916578567,5.8799398808,0.0509555144059,0.0,-3.23251122947,-3.62986001413,5.66990271639,-0.314344316237,-0.0402099555201,0.0,454.51499738918835,455.1278440632145,455.4116658397331,451.7661966246277
